-- Quantidade = 3 --
2 3 9 10 11 12 13 15 16 19 21 22 24 26 28 29 33 34 35 37 39 43 45 46 47
1 4 7 14 17 20 23 30 36 40
5 6 8 18 25 27 31 32 38 41 42 44

-- Quantidade = 4 --
2 3 9 10 11 12 13 15 21 24 26 27 29 31 32 33 34 37 38 39 44 45 46
4 5 6 7 22 35 43
1 14 17 20 23 30 36 40
8 16 18 19 25 28 41 42 47

-- Quantidade = 5 --
1 14 17 20 23 30 36 40
2 3 9 10 11 12 13 15 21 24 26 29 33 34 37 39 45 46
4 6 7 22
8 16 18 19 28 35 43 47
5 25 27 31 32 38 41 42 44

-- Quantidade = 6 --
4 6 7 22
5 27 31 32 38 44
2 3 9 10 11 12 13 15 21 24 26 29 33 34 37 39 45 46
1 14 17 20 23 30 36 40
16 19 28 35 43 47
8 18 25 41 42

-- Quantidade = 7 --
1 21 23 24 36 40
4 6 7 22
2 3 9 10 11 12 13 15 26 29 33 34 37 39 45 46
5 27 31 32 38 44
14 17 20 30
8 18 25 41 42
16 19 28 35 43 47

-- Quantidade = 8 --
8 18 25 41 42
16 19 28 35 43 47
2 9 10 11 12 13 15 26 29 33 37 39 45 46
5 27 31 32 38 44
1 23 24 36 40
3 21 34
4 6 7 22
14 17 20 30

