-- Quantidade = 3 --
1 4 7 14 17 20 23 30 36 40
2 3 9 10 11 12 13 15 19 21 22 24 26 29 33 34 35 37 39 43 45 46 47
5 6 8 16 18 25 27 28 31 32 38 41 42 44

-- Quantidade = 4 --
1 4 7 14 17 20 23 30 36 40
25 27 31 32 38 41 42 44
5 6 8 16 18 22 28 35 43
2 3 9 10 11 12 13 15 19 21 24 26 29 33 34 37 39 45 46 47

-- Quantidade = 5 --
2 3 9 10 11 12 13 15 21 24 26 29 33 34 37 39 45 46
5 8 16 18 19 28 35 43 47
1 14 17 20 23 30 36 40
4 6 7 22
25 27 31 32 38 41 42 44

-- Quantidade = 6 --
4 6 7 22
25 27 31 32 38 41 42 44
5 8 16 18 19 28 35 43 47
1 21 23 24 36 40
14 17 20 30
2 3 9 10 11 12 13 15 26 29 33 34 37 39 45 46

-- Quantidade = 7 --
14 17 20 30
16 19 28 35 43 47
4 6 7 22
2 3 9 10 11 12 13 15 26 29 33 34 37 39 45 46
8 18 25 41 42
5 27 31 32 38 44
1 21 23 24 36 40

-- Quantidade = 8 --
27 31 32 38 44
1 21 23 24 36 40
14 17 20 30
2 3 9 10 11 12 13 15 26 29 33 34 37 39 45 46
5 6 22 35 43
8 18 25 41 42
4 7
16 19 28 47

