-- Quantidade = 3 --
1 2 3 4 9 10 11 12 13 14 15 17 19 20 21 23 24 26 29 30 33 34 35 36 37 39 40 43 45 46 47
16 22 32
5 6 7 8 18 25 27 28 31 38 41 42 44

-- Quantidade = 4 --
5 6 8 18 25 27 28 31 38 41 42 44
16 22 32
1 4 7 14 17 20 23 30 36 40
2 3 9 10 11 12 13 15 19 21 24 26 29 33 34 35 37 39 43 45 46 47

-- Quantidade = 5 --
16 22 32
5 6 7 8 18 28 35 43
25 27 31 38 41 42 44
1 4 14 17 20 23 30 36 40
2 3 9 10 11 12 13 15 19 21 24 26 29 33 34 37 39 45 46 47

-- Quantidade = 6 --
1 14 17 20 23 30 36 40
4 6 7
16 22 32
25 27 31 38 41 42 44
2 3 9 10 11 12 13 15 19 21 24 26 29 33 34 37 39 45 46 47
5 8 18 28 35 43

-- Quantidade = 7 --
3 21 23 34
4 6 7
5 8 18 28 35 43
16 22 32
25 27 31 38 41 42 44
1 14 17 20 30 36 40
2 9 10 11 12 13 15 19 24 26 29 33 37 39 45 46 47

-- Quantidade = 8 --
5 8 18 28 35 43
19 25 41 42 47
2 9 10 11 12 13 15 24 26 29 33 37 39 45 46
16 22 32
4 6 7
3 21 23 34
27 31 38 44
1 14 17 20 30 36 40

