-- Quantidade = 3 --
1 3 4 5 6 7 8 10 11 12 13 14 15 17 18 19 20 21 23 24 25 26 28 29 30 31 33 34 35 36 38 39 41 43 44 46 47
2 9 27 37 40 42 45
16 22 32

-- Quantidade = 4 --
2 9 27 37 40 42 45
1 4 11 12 14 17 19 20 24 25 26 34 36 38 44 46
3 5 6 7 8 10 13 15 18 21 23 28 29 30 31 33 35 39 41 43 47
16 22 32

-- Quantidade = 5 --
1 4 11 12 14 17 19 20 24 25 26 34 36 38 44 46
16 32
3 5 6 7 8 10 13 15 18 21 23 28 29 30 31 33 35 39 41 43 47
2 9 27 37 40 42 45
22

-- Quantidade = 6 --
2 9 27 37 40 42 45
3 5 6 7 13 15 23 28 30 31 35 41 43 47
1 4 11 12 14 17 19 20 25 26 34 36 38 44 46
16 32
22
8 10 18 21 24 29 33 39

-- Quantidade = 7 --
2 9 27 37 40 42
3 5 6 7 13 15 18 21 23 28 29 30 31 35 41 43 47
16 32
8 10 33 39
22
1 14 17 26 34 36 38 45
4 11 12 19 20 24 25 44 46

-- Quantidade = 8 --
4 11 19 20 24 25 46
2 9 27 37 40 42
8 10 33 39
1 12 14 17 26 34 36 38 44 45
22
3 13 23 28 31 35 41 43 47
5 6 7 15 18 21 29 30
16 32

