-- Quantidade = 3 --
2 3 4 7 8 12 13 15 17 19 20 21 27 28 30 31 33 35 38 45
5 6 16 22 37 42 43 47
1 9 10 11 14 18 23 24 25 26 29 32 34 36 39 40 41 44 46

-- Quantidade = 4 --
1 2 6 9 11 17 18 23 24 25 26 29 32 34 36 39 40 41 43 44 46 47
8 12 13 14 15 21 31 33 35 45
5 16 22 37
3 4 7 10 19 20 27 28 30 38 42

-- Quantidade = 5 --
3 4 7 10 20 27 30 38
1 9 11 17 18 23 24 26 29 32 34 36 39 40 41 44 46
8 12 13 14 15 21 31 33 35 45
5 16 22
2 6 19 25 28 37 42 43 47

-- Quantidade = 6 --
1 11 18 23 24 26 32 34 36 39 46
5 16 22
3 4 7 10 20 38 40 41
8 12 13 21 31 33 35 45
2 6 9 14 15 17 25 29 43 44 47
19 27 28 30 37 42

-- Quantidade = 7 --
2 6 25 43 47
1 9 10 11 17 24 32 34 40 41
3 4 7 20 27 30 38
5 16 22
14 18 23 26 29 36 39 44 46
8 12 13 15 21 31 33 35 45
19 28 37 42

-- Quantidade = 8 --
8 12 13 21 31 33 45
5 16 22
18 39
1 10 11 24 32 34 40 41
2 6 25 43 47
9 14 15 17 23 26 29 35 36 44 46
19 28 37 42
3 4 7 20 27 30 38

