-- Quantidade = 3 --
1 2 5 7 8 9 10 13 14 15 17 18 20 21 24 25 27 28 29 31 35 37 38 41 42 43 45 46 47
16 22 32
3 4 6 11 12 19 23 26 30 33 34 36 39 40 44

-- Quantidade = 4 --
1 7 14 17 20
16 22 32
2 5 8 9 10 13 15 18 21 24 25 27 28 29 31 35 37 38 41 42 43 45 46 47
3 4 6 11 12 19 23 26 30 33 34 36 39 40 44

-- Quantidade = 5 --
6 30 40
2 5 8 9 10 13 15 18 21 24 25 27 28 29 31 35 37 38 41 42 43 45 46 47
16 22 32
3 4 11 12 19 23 26 33 34 36 39 44
1 7 14 17 20

-- Quantidade = 6 --
8 18 25 28 41 42 47
3 4 11 12 19 23 26 33 34 36 39 44
1 7 14 17 20
16 22 32
2 5 9 10 13 15 21 24 27 29 31 35 37 38 43 45 46
6 30 40

-- Quantidade = 7 --
22
1 7 14 17 20
6 30 40
8 18 25 28 41 42 47
16 32
2 5 9 10 13 15 21 24 27 29 31 35 37 38 43 45 46
3 4 11 12 19 23 26 33 34 36 39 44

-- Quantidade = 8 --
16 32
8 18 25 28 41 42 47
22
3 11 12 19 26 33 34 39 44
1 7 14 17 20
4 23 36
6 30 40
2 5 9 10 13 15 21 24 27 29 31 35 37 38 43 45 46

