-- Quantidade = 3 --
2 9 19 27 37 40 42 45
1 3 4 5 6 7 8 10 11 12 13 14 15 17 18 20 21 23 24 25 26 28 29 30 31 33 34 35 36 38 39 41 43 44 46 47
16 22 32

-- Quantidade = 4 --
1 3 4 7 10 11 14 17 19 20 24 25 26 34 36 38 44 46
5 6 8 12 13 15 18 21 23 28 29 30 31 33 35 39 41 43 47
2 9 27 37 40 42 45
16 22 32

-- Quantidade = 5 --
3 4 7 10 19 20 28 30 38 41
5 6 8 12 13 15 21 29 31 33 35 43 47
1 11 14 17 18 23 24 25 26 34 36 39 44 46
2 9 27 37 40 42 45
16 22 32

-- Quantidade = 6 --
22
1 11 14 17 18 23 24 25 26 34 36 39 44 46
5 6 8 12 13 15 21 29 31 33 35 43 47
3 4 7 10 19 20 28 30 38 41
2 9 27 37 40 42 45
16 32

-- Quantidade = 7 --
1 11 14 17 25 26 34 35 36 44 45 46
22
2 9 27 37 40 42
3 4 7 10 19 20 24 28 30 38
5 8 12 13 15 21 31 33
16 32
6 18 23 29 39 41 43 47

-- Quantidade = 8 --
1 11 14 17 25 26 34 36 44 45
32
22
5 6 8 12 13 15 21 29 31 33 35 43 47
3 4 7 19 20 28 30 38
10 18 23 24 39 41 46
16
2 9 27 37 40 42

