-- Quantidade = 3 --
2 5 8 9 10 13 15 16 18 21 24 25 27 28 29 31 32 35 37 38 41 42 43 45 46 47
1 7 14 17 20
3 4 6 11 12 19 22 23 26 30 33 34 36 39 40 44

-- Quantidade = 4 --
2 5 8 9 10 13 15 16 18 21 24 25 27 28 29 31 32 35 37 38 41 42 43 45 46 47
3 4 11 12 19 22 23 26 33 34 36 39 44
6 30 40
1 7 14 17 20

-- Quantidade = 5 --
1 7 14 17 20
8 16 18 25 28 41 42 47
6 30 40
2 5 9 10 13 15 21 24 27 29 31 32 35 37 38 43 45 46
3 4 11 12 19 22 23 26 33 34 36 39 44

-- Quantidade = 6 --
8 16 18 25 28 41 42 47
2 5 9 10 13 15 21 24 27 29 31 32 35 37 38 43 45 46
6 30 40
1 7 14 17 20
4 23 36
3 11 12 19 22 26 33 34 39 44

-- Quantidade = 7 --
1 7 14 17 20
4 23 36
5 21 27 32 35 37 45
6 30 40
8 16 18 25 28 41 42 47
3 11 12 19 22 26 33 34 39 44
2 9 10 13 15 24 29 31 38 43 46

-- Quantidade = 8 --
2 5 10 13 24 29 31 38
8 16 18 25 28 41 42 47
19
9 15 21 27 32 35 37 43 45 46
3 11 12 22 26 33 34 39 44
1 7 14 17 20
6 30 40
4 23 36

