-- Quantidade = 3 --
3 4 6 11 12 19 23 26 30 33 34 36 39 40 44
16 22 32
1 2 5 7 8 9 10 13 14 15 17 18 20 21 24 25 27 28 29 31 35 37 38 41 42 43 45 46 47

-- Quantidade = 4 --
1 7 14 17 20
3 4 6 11 12 19 23 26 30 33 34 36 39 40 44
2 5 8 9 10 13 15 18 21 24 25 27 28 29 31 35 37 38 41 42 43 45 46 47
16 22 32

-- Quantidade = 5 --
1 7 14 17 20
2 5 8 9 10 13 15 18 21 24 25 27 28 29 31 35 37 38 41 42 43 45 46 47
16 22 32
3 4 11 12 19 23 26 33 34 36 39 44
6 30 40

-- Quantidade = 6 --
6 30 40
3 4 11 12 19 23 26 33 34 36 39 44
16 32
1 7 14 17 20
22
2 5 8 9 10 13 15 18 21 24 25 27 28 29 31 35 37 38 41 42 43 45 46 47

-- Quantidade = 7 --
9 15 21 27 35 37 42 43 45 46
1 7 14 17 20
22
3 4 11 12 19 23 26 33 34 36 39 44
2 5 8 10 13 18 24 25 28 29 31 38 41 47
6 30 40
16 32

-- Quantidade = 8 --
6 30 40
9 15 21 27 35 37 42 43 45 46
4 23 36
2 5 8 10 13 18 24 25 28 29 31 38 41 47
3 11 12 19 26 33 34 39 44
1 7 14 17 20
16 32
22

