-- Quantidade = 3 --
2 5 8 9 10 13 15 16 18 21 24 25 27 28 29 31 32 35 37 38 41 42 43 45 46 47
3 4 6 11 12 19 22 23 26 30 33 34 36 39 40 44
1 7 14 17 20

-- Quantidade = 4 --
3 4 11 12 19 22 23 26 33 34 36 39 44
2 5 8 9 10 13 15 16 18 21 24 25 27 28 29 31 32 35 37 38 41 42 43 45 46 47
6 30 40
1 7 14 17 20

-- Quantidade = 5 --
5 9 10 15 21 27 32 35 37 43 45 46
6 30 40
1 7 14 17 20
3 4 11 12 19 22 23 26 33 34 36 39 44
2 8 13 16 18 24 25 28 29 31 38 41 42 47

-- Quantidade = 6 --
3 11 12 19 22 26 33 34 39 44
4 23 36
1 7 14 17 20
2 8 13 16 18 24 25 28 29 31 38 41 42 47
5 9 10 15 21 27 32 35 37 43 45 46
6 30 40

-- Quantidade = 7 --
2 9 13 15 24 29 31 38 43 46
6 30 40
8 16 18 25 28 41 42 47
3 11 12 19 22 26 33 34 39 44
1 7 14 17 20
4 23 36
5 10 21 27 32 35 37 45

-- Quantidade = 8 --
5 10 21 27 32 35 37 45
8 16 18 25 28 41 42 47
4 23 36
6 30 40
3 11 12 22 33 34 39 44
1 7 14 17 20
19 26
2 9 13 15 24 29 31 38 43 46

