-- Quantidade = 3 --
2 5 8 9 10 13 15 16 18 21 24 25 27 28 29 31 32 35 37 38 41 42 43 45 46 47
3 4 6 11 12 19 22 23 26 30 33 34 36 39 40 44
1 7 14 17 20

-- Quantidade = 4 --
2 5 8 9 10 13 15 16 18 21 24 25 27 28 29 31 32 35 37 38 41 42 43 45 46 47
3 4 11 12 19 22 23 26 33 34 36 39 44
6 30 40
1 7 14 17 20

-- Quantidade = 5 --
6 30 40
3 4 11 12 19 22 23 26 33 34 36 39 44
1 7 14 17 20
2 5 9 10 13 15 21 24 27 29 31 32 35 37 38 43 45 46
8 16 18 25 28 41 42 47

-- Quantidade = 6 --
8 16 18 25 28 41 42 47
6 30 40
4 23 36
1 7 14 17 20
3 11 12 19 22 26 33 34 39 44
2 5 9 10 13 15 21 24 27 29 31 32 35 37 38 43 45 46

-- Quantidade = 7 --
8 16 18 25 28 41 42 47
3 11 12 19 22 26 33 34 39 44
2 9 13 15 24 29 31 38 43 46
4 23 36
5 10 21 27 32 35 37 45
1 7 14 17 20
6 30 40

-- Quantidade = 8 --
4 23 36
5 10 21 27 32 35 37 45
3 11 12 22 33 34 39 44
2 9 13 15 24 29 31 38 43 46
8 16 18 25 28 41 42 47
6 30 40
1 7 14 17 20
19 26

